( 193,175)    -->        ( 193,175)
( 193,175)    -->        ( 208,179)
( 208,179)    -->        ( 220,182)
( 220,182)    -->        ( 238,184)
( 238,184)    -->        ( 259,194)
( 259,194)    -->        ( 276,201)
( 276,201)    -->        ( 326,231)
( 326,231)    -->        ( 340,244)
( 340,244)    -->        ( 349,262)
( 349,262)    -->        ( 360,278)
( 360,278)    -->        ( 363,294)
( 363,294)    -->        ( 376,313)
( 376,313)    -->        ( 382,336)
( 382,336)    -->        ( 385,366)        
( 385,366)    -->        ( 379,428)
( 379,428)    -->        ( 387,442)
( 387,442)    -->        ( 414,472)
( 414,472)    -->        ( 429,479)
( 429,479)    -->        ( 463,486)
( 463,486)    -->        ( 501,489)
( 501,489)    -->        ( 546,485)
( 546,485)    -->        ( 587,482)
( 587,482)    -->        ( 628,482)
( 628,482)    -->        ( 665,490)
( 665,490)    -->        ( 704,505)
( 704,505)    -->        ( 733,516)
( 733,516)    -->        ( 777,550)
( 777,550)    -->        ( 803,562)
( 803,562)    -->        ( 884,595)
( 884,595)    -->        ( 935,617)
( 935,617)    -->        (1036,655)
(1036,655)    -->        (1091,668)
(1091,668)    -->        (1136,677)
(1136,677)    -->        (1198,680)
(1198,680)    -->        (1246,681)
(1246,681)    -->        (1204,700)
(1204,700)    -->        (1176,699)
(1176,699)    -->        (1146,703)
(1146,703)    -->        (1099,709)
(1099,709)    -->        (1069,711)
(1069,711)    -->        (1018,702)
(1018,702)    -->        ( 930,683)
( 930,683)    -->        ( 765,640)
( 765,640)    -->        ( 746,633)
( 746,633)    -->        ( 685,644)
( 685,644)    -->        ( 678,644)
( 678,644)    -->        ( 731,713)
( 731,713)    -->        ( 729,722)
( 729,722)    -->        ( 738,725)
( 738,725)    -->        ( 736,733)
( 736,733)    -->        ( 738,752)
( 738,752)    -->        ( 693,756)
( 693,756)    -->        ( 708,746)
( 708,746)    -->        ( 688,754)
( 688,754)    -->        ( 683,754)
( 683,754)    -->        ( 677,746)
( 677,746)    -->        ( 691,738)
( 691,738)    -->        ( 646,679)
( 646,679)    -->        ( 632,660)
( 632,660)    -->        ( 605,637)
( 605,637)    -->        ( 601,630)
( 601,630)    -->        ( 612,599)
( 612,599)    -->        ( 610,571)
( 610,571)    -->        ( 616,553)
( 616,553)    -->        ( 616,553)
( 603,627)    -->        ( 603,627)
( 603,627)    -->        ( 579,606)
( 579,606)    -->        ( 562,583)
( 562,583)    -->        ( 562,583)
( 583,610)    -->        ( 583,610)
( 583,610)    -->        ( 534,629)
( 534,629)    -->        ( 516,628)
( 516,628)    -->        ( 498,627)
( 498,627)    -->        ( 498,627)
( 626,658)    -->        ( 626,658)
( 626,658)    -->        ( 569,652)
( 569,652)    -->        ( 562,643)
( 562,643)    -->        ( 569,653)
( 569,653)    -->        ( 520,660)
( 520,660)    -->        ( 435,650)
( 435,650)    -->        ( 428,607)
( 428,607)    -->        ( 433,627)
( 433,627)    -->        ( 443,612)
( 443,612)    -->        ( 441,599)
( 441,599)    -->        ( 455,597)
( 455,597)    -->        ( 463,588)
( 463,588)    -->        ( 452,564)
( 452,564)    -->        ( 459,559)
( 459,559)    -->        ( 459,559)
( 429,669)    -->        ( 429,669)
( 429,669)    -->        ( 436,651)
( 436,651)    -->        ( 436,651)
( 430,669)    -->        ( 430,669)
( 430,669)    -->        ( 411,693)
( 411,693)    -->        ( 396,712)
( 396,712)    -->        ( 387,747)
( 387,747)    -->        ( 332,752)
( 332,752)    -->        ( 332,742)
( 332,742)    -->        ( 334,736)
( 334,736)    -->        ( 334,726)
( 334,726)    -->        ( 345,726)
( 345,726)    -->        ( 354,697)
( 354,697)    -->        ( 357,688)
( 357,688)    -->        ( 375,664)
( 375,664)    -->        ( 367,627)
( 367,627)    -->        ( 349,605)
( 349,605)    -->        ( 354,583)
( 354,583)    -->        ( 368,564)
( 368,564)    -->        ( 368,564)
( 347,601)    -->        ( 347,601)
( 347,601)    -->        ( 329,583)
( 329,583)    -->        ( 328,567)
( 328,567)    -->        ( 336,548)
( 336,548)    -->        ( 335,531)
( 335,531)    -->        ( 346,513)
( 346,513)    -->        ( 368,506)
( 368,506)    -->        ( 368,506)
( 334,545)    -->        ( 334,545)
( 334,545)    -->        ( 303,506)
( 303,506)    -->        ( 295,479)
( 295,479)    -->        ( 291,437)
( 291,437)    -->        ( 300,400)
( 300,400)    -->        ( 313,374)
( 313,374)    -->        ( 303,421)
( 303,421)    -->        ( 302,454)
( 302,454)    -->        ( 309,479)
( 309,479)    -->        ( 336,511)
( 336,511)    -->        ( 336,511)
( 317,369)    -->        ( 317,369)
( 317,369)    -->        ( 314,376)
( 314,376)    -->        ( 314,376)
( 317,370)    -->        ( 317,370)
( 317,370)    -->        ( 318,322)
( 318,322)    -->        ( 314,290)
( 314,290)    -->        ( 302,264)
( 302,264)    -->        ( 288,245)
( 288,245)    -->        ( 266,231)
( 266,231)    -->        ( 236,215)
( 236,215)    -->        ( 221,217)
( 221,217)    -->        ( 200,207)
( 200,207)    -->        ( 190,204)
( 190,204)    -->        ( 176,188)
( 176,188)    -->        ( 173,177)
( 173,177)    -->        ( 186,172)
( 186,172)    -->        ( 193,175)
( 193,175)    -->        ( 193,175)
( 175,180)    -->        ( 175,180)
( 175,180)    -->        ( 199,187)
( 199,187)    -->        ( 209,195)
( 209,195)    -->        ( 225,198)
( 225,198)    -->        ( 225,198)
( 216,187)    -->        ( 216,187)
( 216,187)    -->        ( 227,193)
( 227,193)    -->        ( 227,195)
( 712,618)    -->        ( 712,618)
( 712,618)    -->        ( 747,616)
( 747,616)    -->        ( 778,609)
( 778,609)    -->        ( 794,621)
( 794,621)    -->        ( 837,628)
( 837,628)    -->        ( 871,631)
( 871,631)    -->        ( 908,643)
( 908,643)    -->        ( 932,657)
( 932,657)    -->        ( 969,675)
( 969,675)    -->        ( 990,675)
( 990,675)    -->        (1017,682)
(1017,682)    -->        (1017,682)
( 418,630)    -->        ( 418,630)
( 418,630)    -->        ( 414,654)
( 414,654)    -->        ( 413,669)
( 413,669)    -->        ( 408,678)
( 408,678)    -->        ( 397,688)
( 397,688)    -->        ( 397,688)
( 703,601)    -->        ( 703,601)
( 703,601)    -->        ( 698,618)
( 698,618)    -->        ( 686,632)
( 686,632)    -->        ( 676,641)
( 676,641)    -->        ( 672,628)
( 672,628)    -->        ( 684,600)
( 684,600)    -->        ( 691,575)
( 691,575)    -->        ( 691,559)
( 691,559)    -->        ( 691,559)
( 670,583)    -->        ( 670,583)
( 670,583)    -->        ( 675,600)
( 675,600)    -->        ( 665,627)
( 665,627)    -->        ( 658,637)
( 658,637)    -->        ( 671,652)
( 671,652)    -->        ( 671,652)
( 438,653)    -->        ( 438,653)
( 438,653)    -->        ( 452,683)
( 452,683)    -->        ( 448,717)
( 448,717)    -->        ( 438,747)
( 438,747)    -->        ( 480,751)
( 480,751)    -->        ( 496,718)
( 496,718)    -->        ( 502,697)
( 502,697)    -->        ( 495,675)
( 495,675)    -->        ( 493,659)
( 493,659)    -->        ( 493,659)
( 582,657)    -->        ( 582,657)
( 582,657)    -->        ( 583,672)
( 583,672)    -->        ( 589,690)
( 589,690)    -->        ( 591,706)
( 591,706)    -->        ( 590,724)
( 590,724)    -->        ( 587,738)
( 587,738)    -->        ( 578,748)
( 578,748)    -->        ( 590,754)
( 590,754)    -->        ( 629,752)
( 629,752)    -->        ( 642,736)
( 642,736)    -->        ( 641,674)
( 641,674)    -->        ( 643,677)
( 584,660)    -->        ( 584,660)
( 584,660)    -->        ( 583,654)
( 583,654)    -->        ( 584,655)
( 495,661)    -->        ( 495,661)
( 495,661)    -->        ( 495,655)
( 495,655)    -->        ( 495,656)


