309 604
310 604
311 603
312 603
313 603
314 602
315 602
316 602
317 601
318 601
319 600
320 600
321 600
322 599
323 599
324 599
325 598
326 598
327 598
328 597
329 597
330 597
331 596
332 596
333 595
334 595
335 595
336 594
337 594
338 594
339 593
340 593
341 593
342 592
343 592
344 592
345 591
346 591
347 590
348 590
349 590
350 589
351 589
352 589
353 588
354 588
310 595
310 596
310 597
310 598
310 599
309 600
309 601
309 602
309 603
309 604
319 586
318 587
317 588
316 589
315 590
314 591
313 592
312 593
311 594
310 595
319 586
320 585
321 585
322 584
323 584
324 583
325 583
326 582
327 581
328 581
329 580
330 580
331 579
332 579
333 578
333 578
334 578
335 577
336 577
337 577
338 576
339 576
340 576
341 575
342 575
343 575
344 574
345 574
345 574
346 574
347 574
348 573
349 573
350 573
351 573
352 573
353 572
354 572
355 572
356 572
357 572
358 572
359 571
360 571
361 571
361 571
362 571
363 570
364 570
365 570
366 569
367 569
368 568
369 568
370 568
371 567
372 567
372 567
373 566
374 566
375 565
376 565
377 564
378 563
379 563
380 562
381 562
382 561
383 560
384 560
385 559
386 559
387 558
388 557
389 557
390 556
391 556
392 555
392 555
393 554
394 554
395 553
396 552
397 551
398 551
399 550
400 549
401 549
402 548
403 547
404 546
405 546
406 545
418 526
417 527
417 528
416 529
415 530
415 531
414 532
414 533
413 534
412 535
412 536
411 537
410 538
410 539
409 540
409 541
408 542
407 543
407 544
406 545
425 511
425 512
424 513
424 514
423 515
423 516
422 517
422 518
421 519
421 520
420 521
420 522
419 523
419 524
418 525
418 526
428 490
428 491
428 492
428 493
427 494
427 495
427 496
427 497
427 498
427 499
427 500
426 501
426 502
426 503
426 504
426 505
426 506
426 507
425 508
425 509
425 510
425 511
430 473
430 474
430 475
430 476
430 477
429 478
429 479
429 480
429 481
429 482
429 483
429 484
429 485
428 486
428 487
428 488
428 489
428 490
430 458
430 459
430 460
430 461
430 462
430 463
430 464
430 465
430 466
430 467
430 468
430 469
430 470
430 471
430 472
430 473
427 443
427 444
427 445
428 446
428 447
428 448
428 449
428 450
429 451
429 452
429 453
429 454
429 455
430 456
430 457
430 458
420 432
421 433
421 434
422 435
423 436
423 437
424 438
424 439
425 440
426 441
426 442
427 443
412 418
413 419
413 420
414 421
414 422
415 423
415 424
416 425
417 426
417 427
418 428
418 429
419 430
419 431
420 432
408 399
408 400
408 401
409 402
409 403
409 404
409 405
409 406
410 407
410 408
410 409
410 410
411 411
411 412
411 413
411 414
411 415
412 416
412 417
412 418
405 370
405 371
405 372
405 373
405 374
406 375
406 376
406 377
406 378
406 379
406 380
406 381
406 382
406 383
406 384
407 385
407 386
407 387
407 388
407 389
407 390
407 391
407 392
407 393
407 394
408 395
408 396
408 397
408 398
408 399
408 352
408 353
408 354
407 355
407 356
407 357
407 358
407 359
407 360
406 361
406 362
406 363
406 364
406 365
406 366
405 367
405 368
405 369
405 370
415 335
415 336
414 337
414 338
413 339
413 340
413 341
412 342
412 343
411 344
411 345
410 346
410 347
410 348
409 349
409 350
408 351
408 352
423 322
422 323
422 324
421 325
421 326
420 327
419 328
419 329
418 330
417 331
417 332
416 333
416 334
415 335
436 305
435 306
434 307
434 308
433 309
432 310
431 311
431 312
430 313
429 314
428 315
428 316
427 317
426 318
425 319
425 320
424 321
423 322
444 291
443 292
443 293
442 294
442 295
441 296
441 297
440 298
439 299
439 300
438 301
438 302
437 303
437 304
436 305
444 291
444 292
444 293
444 294
444 295
444 296
444 297
444 298
445 299
445 300
445 301
445 302
445 303
445 304
445 305
445 306
445 307
445 307
446 308
446 309
447 310
448 311
448 312
449 313
450 314
450 315
451 316
452 317
452 318
453 319
453 319
454 320
455 320
456 321
457 321
458 322
459 322
460 323
461 323
462 324
463 324
464 325
465 325
466 326
467 326
468 327
469 327
470 328
471 328
454 320
455 320
456 321
457 321
458 322
459 322
460 323
461 323
462 324
463 324
464 325
465 325
466 326
467 326
468 327
469 327
470 328
471 328
447 306
448 307
448 308
449 309
449 310
450 311
450 312
451 313
451 314
452 315
452 316
453 317
453 318
454 319
454 320
447 306
447 307
447 308
446 309
446 310
446 311
446 312
446 313
445 314
445 315
445 316
445 317
445 318
444 319
444 320
444 321
444 321
443 322
442 323
441 324
441 325
440 326
439 327
438 328
437 329
436 330
435 331
435 332
434 333
433 334
432 335
431 336
430 337
430 338
429 339
428 340
427 341
427 341
427 342
426 343
426 344
425 345
425 346
425 347
424 348
424 349
423 350
423 351
423 352
422 353
422 354
421 355
421 356
421 357
420 358
420 359
419 360
419 361
419 362
418 363
418 364
417 365
417 366
417 366
417 367
417 368
417 369
417 370
417 371
417 372
417 373
417 374
417 375
417 376
417 377
417 378
417 379
417 380
417 381
417 382
417 383
417 384
417 385
417 386
417 387
417 388
417 389
417 390
417 391
417 392
417 393
417 394
417 394
417 395
417 396
418 397
418 398
418 399
418 400
418 401
418 402
419 403
419 404
419 405
419 406
419 407
420 408
420 409
420 410
420 411
420 412
420 413
421 414
421 415
421 416
421 417
421 418
422 419
422 420
422 421
422 422
422 423
422 424
423 425
423 426
423 427
423 428
423 429
423 430
424 431
424 432
424 433
424 434
424 435
425 436
425 437
425 438
425 439
425 440
425 441
426 442
426 443
426 444
414 420
415 421
415 422
416 423
416 424
417 425
417 426
418 427
418 428
419 429
419 430
420 431
420 432
421 433
421 434
422 435
422 436
423 437
423 438
424 439
424 440
425 441
425 442
426 443
426 444
406 370
406 371
406 372
406 373
407 374
407 375
407 376
407 377
407 378
407 379
408 380
408 381
408 382
408 383
408 384
408 385
409 386
409 387
409 388
409 389
409 390
409 391
410 392
410 393
410 394
410 395
410 396
410 397
410 398
411 399
411 400
411 401
411 402
411 403
411 404
412 405
412 406
412 407
412 408
412 409
412 410
413 411
413 412
413 413
413 414
413 415
413 416
414 417
414 418
414 419
414 420
408 352
408 353
408 354
408 355
408 356
407 357
407 358
407 359
407 360
407 361
407 362
407 363
407 364
407 365
406 366
406 367
406 368
406 369
406 370
422 325
421 326
421 327
420 328
420 329
419 330
419 331
418 332
418 333
417 334
417 335
416 336
416 337
415 338
415 339
414 340
414 341
413 342
413 343
412 344
412 345
411 346
411 347
410 348
410 349
409 350
409 351
408 352
444 293
443 294
443 295
442 296
441 297
441 298
440 299
439 300
438 301
438 302
437 303
436 304
436 305
435 306
434 307
434 308
433 309
432 310
432 311
431 312
430 313
430 314
429 315
428 316
427 317
427 318
426 319
425 320
425 321
424 322
423 323
423 324
422 325
438 277
438 278
439 279
439 280
440 281
440 282
440 283
441 284
441 285
441 286
442 287
442 288
443 289
443 290
443 291
444 292
444 293
438 261
438 262
438 263
438 264
438 265
438 266
438 267
438 268
438 269
438 270
438 271
438 272
438 273
438 274
438 275
438 276
438 277
438 261
439 260
440 259
441 258
442 257
443 256
444 255
445 254
446 253
447 252
448 252
449 251
450 250
451 249
452 248
453 247
454 246
455 245
456 244
456 244
457 245
457 246
458 247
458 248
459 249
459 250
460 251
460 252
461 253
461 254
462 255
462 256
463 257
463 258
464 259
464 260
464 260
464 261
465 262
465 263
466 264
466 265
466 266
467 267
467 268
467 269
468 270
468 271
469 272
469 273
469 274
470 275
470 276
470 276
471 277
472 278
473 279
458 243
458 244
459 245
459 246
460 247
460 248
461 249
461 250
461 251
462 252
462 253
463 254
463 255
463 256
464 257
464 258
465 259
465 260
466 261
466 262
466 263
467 264
467 265
468 266
468 267
468 268
469 269
469 270
470 271
470 272
471 273
471 274
471 275
472 276
472 277
473 278
473 279
472 224
471 225
471 226
470 227
469 228
468 229
468 230
467 231
466 232
465 233
465 234
464 235
463 236
462 237
462 238
461 239
460 240
459 241
459 242
458 243
477 191
477 192
477 193
477 194
476 195
476 196
476 197
476 198
476 199
476 200
475 201
475 202
475 203
475 204
475 205
475 206
475 207
474 208
474 209
474 210
474 211
474 212
474 213
474 214
473 215
473 216
473 217
473 218
473 219
473 220
472 221
472 222
472 223
472 224
453 144
454 145
454 146
455 147
455 148
456 149
456 150
457 151
457 152
458 153
458 154
459 155
459 156
460 157
460 158
461 159
461 160
462 161
462 162
463 163
463 164
464 165
464 166
465 167
465 168
466 169
466 170
467 171
467 172
468 173
468 174
469 175
469 176
470 177
470 178
471 179
471 180
472 181
472 182
473 183
473 184
474 185
474 186
475 187
475 188
476 189
476 190
477 191
443 137
444 138
445 138
446 139
447 140
448 141
449 141
450 142
451 143
452 143
453 144
439 125
439 126
440 127
440 128
440 129
441 130
441 131
441 132
442 133
442 134
442 135
443 136
443 137
438 119
438 120
438 121
439 122
439 123
439 124
439 125
438 119
439 119
440 119
441 119
442 119
443 119
444 119
445 119
446 119
447 119
448 119
449 119
450 119
451 118
452 118
453 118
454 118
455 118
456 118
457 118
458 118
459 118
460 118
461 118
462 118
463 118
464 118
465 118
466 118
467 118
468 118
469 118
470 118
471 118
472 118
473 118
474 118
475 117
476 117
477 117
478 117
479 117
480 117
481 117
482 117
483 117
484 117
485 117
486 117
487 117
487 117
487 118
488 119
488 120
489 121
489 122
489 123
490 124
490 125
491 126
491 127
492 128
492 129
492 130
493 131
493 132
494 133
494 134
494 135
495 136
495 137
496 138
496 139
497 140
497 141
497 142
498 143
498 144
499 145
499 146
499 147
500 148
500 149
501 150
501 151
501 152
502 153
502 154
503 155
503 156
504 157
504 158
504 159
505 160
505 161
506 162
506 163
506 163
507 164
507 165
508 166
509 167
510 168
510 169
511 170
512 171
513 172
513 173
514 174
515 175
516 176
516 177
517 178
518 179
519 180
519 181
520 182
521 183
522 184
522 185
523 186
523 186
523 187
523 188
524 189
524 190
524 191
524 192
524 193
524 194
525 195
525 196
525 197
525 198
525 199
525 200
526 201
526 202
526 203
526 204
526 205
526 206
527 207
527 208
527 209
527 209
527 210
527 211
527 212
526 213
526 214
526 215
526 216
526 217
526 218
526 219
526 220
525 221
525 222
525 223
525 224
525 225
525 226
525 227
525 228
524 229
524 230
524 231
524 232
524 233
524 234
524 235
524 236
523 237
523 238
523 239
523 240
525 224
525 225
525 226
525 227
524 228
524 229
524 230
524 231
524 232
524 233
524 234
524 235
523 236
523 237
523 238
523 239
523 240
525 224
526 225
527 226
528 226
529 227
530 228
531 229
532 229
533 230
534 231
534 231
534 232
534 233
535 234
535 235
535 236
535 237
535 238
535 239
536 240
536 241
536 242
536 243
536 244
536 245
537 246
537 247
537 248
537 248
538 248
539 248
540 249
541 249
542 249
543 249
544 249
545 249
546 250
547 250
548 250
549 250
549 250
550 249
551 248
552 248
553 247
554 246
554 246
555 246
556 247
557 247
558 248
559 248
560 248
561 249
562 249
563 250
564 250
565 250
566 251
567 251
568 252
569 252
555 246
556 246
557 247
558 247
559 248
560 248
561 249
562 249
563 249
564 250
565 250
566 251
567 251
568 252
569 252
555 246
554 247
553 248
553 249
552 250
551 251
551 251
551 252
551 253
551 254
552 255
552 256
552 257
552 258
552 259
552 260
552 261
553 262
553 263
553 264
553 265
553 265
552 266
552 267
551 268
550 269
549 270
549 271
548 272
547 273
547 274
546 275
546 275
547 276
547 277
548 278
549 279
550 280
550 281
551 282
548 273
548 274
549 275
549 276
549 277
550 278
550 279
550 280
551 281
551 282
555 265
554 266
553 267
552 268
551 269
551 270
550 271
549 272
548 273
553 253
553 254
553 255
554 256
554 257
554 258
554 259
554 260
554 261
555 262
555 263
555 264
555 265
552 248
552 249
552 250
553 251
553 252
553 253
553 247
552 248
553 247
554 247
555 247
537 249
538 249
539 249
540 249
541 249
542 248
543 248
544 248
545 248
546 248
547 248
548 248
549 248
550 248
551 247
552 247
553 247
554 247
555 247
533 232
533 233
533 234
534 235
534 236
534 237
534 238
535 239
535 240
535 241
535 242
536 243
536 244
536 245
536 246
537 247
537 248
537 249
528 226
529 227
530 228
531 229
531 230
532 231
533 232
527 225
528 226
526 207
526 208
526 209
526 210
526 211
526 212
526 213
526 214
526 215
527 216
527 217
527 218
527 219
527 220
527 221
527 222
527 223
527 224
527 225
526 207
527 207
528 207
529 206
530 206
531 206
532 206
533 206
534 206
535 205
536 205
537 205
538 205
539 205
540 205
541 204
542 204
543 204
544 204
545 204
546 204
547 203
548 203
549 203
550 203
551 203
552 203
553 202
554 202
555 202
556 202
557 202
558 202
559 201
560 201
561 201
562 201
563 201
564 201
565 200
566 200
567 200
568 200
569 200
570 200
571 199
572 199
573 199
574 199
575 199
576 199
577 198
578 198
579 198
580 198
583 172
583 173
583 174
583 175
583 176
582 177
582 178
582 179
582 180
582 181
582 182
582 183
582 184
581 185
581 186
581 187
581 188
581 189
581 190
581 191
581 192
581 193
580 194
580 195
580 196
580 197
580 198
582 158
582 159
582 160
582 161
582 162
582 163
582 164
583 165
583 166
583 167
583 168
583 169
583 170
583 171
583 172
576 138
576 139
577 140
577 141
577 142
578 143
578 144
578 145
578 146
579 147
579 148
579 149
580 150
580 151
580 152
581 153
581 154
581 155
581 156
582 157
582 158
570 123
570 124
571 125
571 126
572 127
572 128
572 129
573 130
573 131
574 132
574 133
574 134
575 135
575 136
576 137
576 138
566 120
567 121
568 122
569 122
570 123
549 119
550 119
551 119
552 119
553 119
554 119
555 119
556 119
557 119
558 120
559 120
560 120
561 120
562 120
563 120
564 120
565 120
566 120
541 119
542 119
543 119
544 119
545 119
546 119
547 119
548 119
549 119
532 120
533 120
534 120
535 120
536 120
537 119
538 119
539 119
540 119
541 119
532 120
532 121
533 122
533 123
533 124
534 125
534 126
534 127
535 128
535 129
535 130
535 131
536 132
536 133
536 134
537 135
537 136
537 137
538 138
538 139
538 139
539 140
539 141
540 142
540 143
541 144
542 145
542 146
543 147
543 148
544 149
544 150
545 151
545 151
546 152
546 153
547 154
547 155
548 156
548 157
549 158
549 159
550 160
550 161
550 161
550 162
549 163
549 164
549 165
548 166
548 167
548 168
547 169
547 170
547 171
547 172
546 173
546 174
546 175
545 176
545 177
545 177
545 178
544 179
544 180
543 181
543 182
542 183
542 184
541 185
541 186
540 187
540 188
540 188
540 189
539 190
539 191
538 192
538 193
538 193
538 194
538 195
537 196
537 197
537 198
537 199
536 200
536 201
536 202
536 203
535 204
535 205
535 206
535 206
536 206
537 206
538 205
539 205
540 205
541 205
542 205
543 204
544 204
545 204
546 204
547 204
548 203
549 203
550 203
551 203
552 203
553 203
554 202
555 202
556 202
557 202
558 202
559 201
560 201
561 201
562 201
563 201
564 200
565 200
566 200
567 200
568 200
569 199
570 199
571 199
572 199
573 199
574 198
575 198
576 198
577 198
578 198
579 197
580 197
581 197
582 197
583 197
584 197
585 196
586 196
587 196
588 196
589 196
590 195
591 195
592 195
593 195
594 195
595 194
596 194
597 194
597 194
598 194
599 194
600 195
601 195
602 195
603 195
604 196
605 196
606 196
607 196
608 197
609 197
610 197
611 197
612 197
613 198
614 198
615 198
616 198
617 199
618 199
619 199
620 199
621 200
622 200
623 200
624 200
625 200
626 201
627 201
628 201
629 201
630 202
631 202
632 202
633 202
634 202
635 203
636 203
637 203
638 203
639 204
640 204
641 204
642 204
643 205
644 205
645 205
645 205
646 205
647 205
648 204
649 204
650 204
651 204
652 204
653 204
654 203
655 203
656 203
657 203
658 203
659 202
660 202
661 202
662 202
663 202
664 202
665 201
666 201
667 201
668 201
669 201
670 200
671 200
672 200
673 200
674 200
675 199
676 199
677 199
678 199
679 199
680 199
681 198
682 198
683 198
684 198
685 198
686 197
687 197
688 197
689 197
690 197
691 197
692 196
693 196
694 196
694 196
695 195
696 194
697 194
698 193
699 192
700 191
701 191
702 190
703 189
704 188
705 188
706 187
707 186
704 152
704 153
704 154
704 155
704 156
704 157
705 158
705 159
705 160
705 161
705 162
705 163
705 164
705 165
705 166
705 167
705 168
706 169
706 170
706 171
706 172
706 173
706 174
706 175
706 176
706 177
706 178
706 179
706 180
707 181
707 182
707 183
707 184
707 185
707 186
701 132
701 133
701 134
701 135
702 136
702 137
702 138
702 139
702 140
702 141
703 142
703 143
703 144
703 145
703 146
703 147
703 148
704 149
704 150
704 151
704 152
692 117
693 118
693 119
694 120
694 121
695 122
696 123
696 124
697 125
697 126
698 127
699 128
699 129
700 130
700 131
701 132
654 116
655 116
656 116
657 116
658 116
659 116
660 116
661 116
662 116
663 116
664 116
665 116
666 116
667 116
668 116
669 116
670 116
671 116
672 116
673 117
674 117
675 117
676 117
677 117
678 117
679 117
680 117
681 117
682 117
683 117
684 117
685 117
686 117
687 117
688 117
689 117
690 117
691 117
692 117
654 116
653 117
652 118
651 119
650 120
649 121
649 121
650 122
650 123
651 124
652 125
653 126
653 127
654 128
655 129
655 130
656 131
657 132
657 133
658 134
659 135
660 136
660 137
661 138
661 138
661 139
661 140
661 141
661 142
661 143
661 144
661 145
661 146
661 147
661 148
661 149
661 150
661 151
661 152
661 153
661 154
661 155
661 155
661 156
661 157
660 158
660 159
660 160
660 161
660 162
659 163
659 164
659 165
659 166
659 167
659 168
658 169
658 170
658 171
658 172
658 173
657 174
657 175
657 176
657 177
657 178
656 179
656 180
656 181
656 182
656 183
655 184
655 185
655 186
655 187
655 188
655 189
654 190
654 191
654 192
654 193
654 194
653 195
653 196
653 197
653 197
653 198
653 199
654 200
654 201
654 202
654 203
654 203
655 203
656 203
657 203
658 202
659 202
660 202
661 202
662 202
663 202
664 201
665 201
666 201
667 201
668 201
669 201
670 201
671 200
672 200
673 200
674 200
675 200
676 200
677 200
678 199
679 199
680 199
681 199
682 199
683 199
684 198
685 198
686 198
687 198
688 198
689 198
690 198
691 197
692 197
693 197
694 197
694 197
695 196
696 195
697 195
698 194
699 193
700 192
701 192
702 191
703 190
704 189
705 189
706 188
707 187
707 187
706 188
705 189
704 190
703 191
703 192
702 193
701 194
700 195
699 196
698 197
697 198
696 199
695 200
695 201
694 202
693 203
692 204
691 205
690 206
689 207
688 208
687 209
687 210
686 211
685 212
684 213
683 214
682 215
681 216
680 217
679 218
679 219
678 220
677 221
676 222
675 223
675 223
675 224
675 225
675 226
675 227
675 228
675 229
675 230
675 231
675 232
675 233
675 234
675 235
675 236
675 237
675 238
675 239
675 240
675 241
675 242
675 243
675 244
675 245
675 246
675 247
675 248
675 249
675 250
675 251
675 251
675 252
675 253
675 254
676 255
676 256
676 257
676 258
676 259
676 260
676 261
677 262
677 263
677 264
677 265
677 266
677 267
677 268
678 269
678 270
678 271
678 272
678 273
678 274
678 275
678 276
679 277
679 278
679 279
679 280
679 281
679 282
679 283
680 284
680 285
680 286
680 287
677 254
677 255
677 256
677 257
677 258
677 259
678 260
678 261
678 262
678 263
678 264
678 265
678 266
678 267
678 268
678 269
678 270
679 271
679 272
679 273
679 274
679 275
679 276
679 277
679 278
679 279
679 280
679 281
680 282
680 283
680 284
680 285
680 286
680 287
674 224
674 225
674 226
674 227
674 228
675 229
675 230
675 231
675 232
675 233
675 234
675 235
675 236
675 237
675 238
676 239
676 240
676 241
676 242
676 243
676 244
676 245
676 246
676 247
676 248
677 249
677 250
677 251
677 252
677 253
677 254
706 189
705 190
704 191
703 192
702 193
701 194
701 195
700 196
699 197
698 198
697 199
696 200
695 201
694 202
693 203
692 204
691 205
690 206
690 207
689 208
688 209
687 210
686 211
685 212
684 213
683 214
682 215
681 216
680 217
679 218
679 219
678 220
677 221
676 222
675 223
674 224
739 145
738 146
737 147
737 148
736 149
735 150
734 151
734 152
733 153
732 154
731 155
731 156
730 157
729 158
728 159
728 160
727 161
726 162
725 163
725 164
724 165
723 166
722 167
722 168
721 169
720 170
719 171
719 172
718 173
717 174
716 175
716 176
715 177
714 178
713 179
713 180
712 181
711 182
710 183
710 184
709 185
708 186
707 187
707 188
706 189
745 130
745 131
744 132
744 133
743 134
743 135
743 136
742 137
742 138
741 139
741 140
741 141
740 142
740 143
739 144
739 145
733 125
734 125
735 126
736 126
737 127
738 127
739 128
740 128
741 128
742 129
743 129
744 130
745 130
739 118
738 119
737 120
736 121
736 122
735 123
734 124
733 125
739 118
740 118
741 118
742 117
743 117
744 117
745 117
746 117
747 117
748 116
749 116
750 116
751 116
752 116
753 116
754 115
755 115
756 115
757 115
757 115
758 115
759 115
760 115
761 115
762 115
763 115
764 115
765 116
766 116
767 116
768 116
769 116
770 116
771 116
772 116
772 116
773 116
774 116
775 116
776 116
777 116
778 116
779 116
780 116
781 116
782 116
783 116
783 116
784 117
785 117
786 118
787 118
787 118
787 119
787 120
787 121
787 121
787 122
787 123
787 124
787 125
787 126
788 127
788 128
788 129
788 130
788 131
788 132
788 132
788 133
789 134
789 135
790 136
790 137
790 138
791 139
791 140
791 140
792 141
793 141
794 142
795 142
796 143
788 145
789 145
790 144
791 144
792 144
793 144
794 143
795 143
796 143
758 174
759 173
760 172
761 171
762 170
763 169
764 168
765 167
766 166
767 165
768 164
769 163
770 162
771 161
772 160
773 159
774 159
775 158
776 157
777 156
778 155
779 154
780 153
781 152
782 151
783 150
784 149
785 148
786 147
787 146
788 145
758 174
757 175
757 176
756 177
755 178
755 179
754 180
753 181
753 182
752 183
751 184
751 185
750 186
749 187
749 188
748 189
747 190
746 191
746 192
745 193
744 194
744 195
743 196
742 197
742 198
741 199
740 200
740 201
739 202
738 203
738 204
737 205
736 206
736 207
735 208
735 208
735 209
734 210
734 211
734 212
734 213
733 214
733 215
733 216
733 217
732 218
732 219
732 220
732 221
731 222
731 223
731 223
731 224
732 225
732 226
733 227
733 228
733 229
734 230
734 231
734 232
735 233
735 234
736 235
736 236
736 237
737 238
737 239
738 240
738 241
738 242
739 243
739 244
739 245
740 246
740 247
741 248
741 249
741 250
742 251
742 252
743 253
743 254
743 255
744 256
744 257
744 258
745 259
745 260
746 261
746 262
746 262
746 263
745 264
745 265
745 266
744 267
744 268
743 269
743 270
743 271
742 272
742 273
742 274
741 275
741 276
746 264
746 265
745 266
745 267
744 268
744 269
743 270
743 271
743 272
742 273
742 274
741 275
741 276
731 222
731 223
732 224
732 225
732 226
733 227
733 228
734 229
734 230
734 231
735 232
735 233
735 234
736 235
736 236
736 237
737 238
737 239
737 240
738 241
738 242
739 243
739 244
739 245
740 246
740 247
740 248
741 249
741 250
741 251
742 252
742 253
742 254
743 255
743 256
744 257
744 258
744 259
745 260
745 261
745 262
746 263
746 264
734 208
734 209
734 210
733 211
733 212
733 213
733 214
732 215
732 216
732 217
732 218
732 219
731 220
731 221
731 222
734 208
735 209
735 210
736 211
737 212
738 213
738 214
739 215
740 216
741 217
741 218
742 219
743 220
743 221
744 222
745 223
746 224
746 225
747 226
747 226
748 227
748 228
749 229
750 230
750 231
751 232
752 233
752 234
753 235
754 236
754 237
755 238
756 239
756 240
757 241
758 242
758 243
759 244
760 245
760 246
761 247
761 247
761 248
761 249
761 250
761 251
762 252
762 253
762 254
762 255
762 256
762 257
762 258
762 259
762 260
762 261
763 262
763 263
763 264
763 265
763 266
763 267
763 246
763 247
763 248
763 249
763 250
763 251
763 252
763 253
763 254
763 255
763 256
763 257
763 258
763 259
763 260
763 261
763 262
763 263
763 264
763 265
763 266
763 267
745 227
746 228
747 229
748 230
749 231
750 232
751 233
752 234
753 235
754 236
754 237
755 238
756 239
757 240
758 241
759 242
760 243
761 244
762 245
763 246
738 213
739 214
739 215
740 216
740 217
741 218
741 219
742 220
742 221
743 222
743 223
744 224
744 225
745 226
745 227
735 209
736 210
737 211
737 212
738 213
735 209
736 209
737 209
738 209
739 210
740 210
741 210
742 210
743 210
744 210
745 210
746 210
747 211
748 211
749 211
750 211
751 211
752 211
753 211
754 212
755 212
756 212
757 212
758 212
759 212
760 212
761 212
762 213
763 213
764 213
765 213
766 213
767 213
768 213
769 214
770 214
771 214
772 214
773 214
774 214
775 214
776 214
777 215
778 215
779 215
780 215
781 215
782 215
783 215
784 215
785 216
786 216
787 216
788 216
789 216
790 216
791 216
792 217
793 217
794 217
795 217
796 217
797 217
798 217
799 217
800 218
801 218
802 218
803 218
803 218
804 218
805 217
806 217
807 217
808 217
809 216
810 216
811 216
812 216
813 215
814 215
815 215
816 215
817 214
818 214
819 214
820 213
821 213
822 213
823 213
824 212
825 212
826 212
827 212
828 211
829 211
830 211
831 211
832 210
833 210
834 210
835 210
836 209
837 209
838 209
839 208
840 208
841 208
842 208
843 207
844 207
845 207
846 207
847 206
848 206
849 206
850 206
851 205
852 205
853 205
854 204
855 204
856 204
857 204
858 203
859 203
860 203
861 203
862 202
863 202
864 202
865 202
866 201
867 201
868 201
869 201
870 200
871 200
872 200
873 199
874 199
875 199
876 199
877 198
878 198
879 198
880 198
881 197
882 197
883 197
884 197
885 196
886 196
887 196
888 195
889 195
890 195
891 195
892 194
893 194
894 194
895 194
896 193
897 193
898 193
899 193
900 192
901 192
902 192
903 192
904 191
905 191
906 191
907 190
908 190
909 190
910 190
911 189
912 189
913 189
914 189
915 188
916 188
917 188
918 188
919 187
920 187
920 187
921 187
922 186
923 186
924 186
925 186
926 185
927 185
928 185
929 185
930 184
931 184
932 184
933 184
934 183
935 183
936 183
937 183
938 182
939 182
940 182
941 182
942 181
943 181
944 181
945 181
946 180
947 180
948 180
949 180
950 179
951 179
952 179
953 179
954 178
955 178
956 178
957 178
958 177
959 177
960 177
961 177
962 176
963 176
964 176
965 176
966 175
967 175
968 175
969 174
970 174
971 174
972 174
973 173
974 173
975 173
976 173
977 172
978 172
979 172
980 172
981 171
982 171
983 171
984 171
985 170
986 170
987 170
988 170
989 169
990 169
991 169
992 169
993 168
994 168
995 168
996 168
997 167
998 167
999 167
1000 167
1001 166
1002 166
1003 166
1004 166
1005 165
1006 165
1007 165
1008 165
1009 164
1010 164
1011 164
1012 164
1013 163
1014 163
1015 163
1016 162
1017 162
1018 162
1019 162
1020 161
1021 161
1022 161
1023 161
1024 160
1025 160
1026 160
1027 160
1028 159
1029 159
1030 159
1031 159
1032 158
1033 158
1034 158
1035 158
1036 157
1037 157
1038 157
1039 157
1040 156
1041 156
1042 156
1043 156
1044 155
1045 155
1046 155
1047 155
1048 154
1049 154
1050 154
1051 154
1052 153
1053 153
1054 153
1055 153
1056 152
1057 152
1058 152
1059 152
1060 151
1061 151
1061 151
1062 151
1063 151
1064 152
1065 152
1066 152
1067 152
1068 152
1069 153
1070 153
1071 153
1072 153
1073 153
1074 154
1075 154
1076 154
1077 154
1078 155
1079 155
1080 155
1081 155
1082 155
1083 156
1084 156
1085 156
1086 156
1087 156
1088 157
1089 157
1090 157
1091 157
1092 157
1093 158
1094 158
1095 158
1096 158
1097 158
1098 159
1099 159
1100 159
1101 159
1102 159
1103 160
1104 160
1105 160
1106 160
1107 161
1108 161
1109 161
1110 161
1111 161
1112 162
1113 162
1114 162
1115 162
1116 162
1117 163
1118 163
1119 163
1119 163
1120 163
1121 163
1122 163
1123 163
1124 163
1125 163
1126 163
1127 163
1128 163
1129 163
1130 163
1131 163
1132 163
1133 164
1134 164
1135 164
1136 164
1137 164
1138 164
1139 164
1140 164
1141 164
1142 164
1143 164
1144 164
1145 164
1146 164
1147 164
1148 164
1149 164
1150 164
1151 164
1152 164
1153 164
1154 164
1155 164
1156 164
1157 164
1158 164
1159 164
1160 165
1161 165
1162 165
1163 165
1164 165
1165 165
1166 165
1167 165
1168 165
1169 165
1170 165
1171 165
1172 165
1173 165
1173 165
1174 165
1175 166
1176 166
1177 166
1178 167
1179 167
1180 167
1181 167
1182 168
1183 168
1184 168
1185 169
1186 169
1187 169
1188 170
1189 170
1190 170
1191 170
1192 171
1193 171
1194 171
1195 172
1196 172
1197 172
1198 173
1199 173
1200 173
1201 174
1202 174
1203 174
1204 174
1205 175
1206 175
1207 175
1208 176
1209 176
1210 176
1211 177
1212 177
1213 177
1214 177
1215 178
1216 178
1217 178
1218 179
1219 179
1079 187
1080 187
1081 187
1082 187
1083 187
1084 187
1085 187
1086 187
1087 187
1088 186
1089 186
1090 186
1091 186
1092 186
1093 186
1094 186
1095 186
1096 186
1097 186
1098 186
1099 186
1100 186
1101 186
1102 186
1103 186
1104 186
1105 186
1106 185
1107 185
1108 185
1109 185
1110 185
1111 185
1112 185
1113 185
1114 185
1115 185
1116 185
1117 185
1118 185
1119 185
1120 185
1121 185
1122 185
1123 184
1124 184
1125 184
1126 184
1127 184
1128 184
1129 184
1130 184
1131 184
1132 184
1133 184
1134 184
1135 184
1136 184
1137 184
1138 184
1139 184
1140 184
1141 183
1142 183
1143 183
1144 183
1145 183
1146 183
1147 183
1148 183
1149 183
1150 183
1151 183
1152 183
1153 183
1154 183
1155 183
1156 183
1157 183
1158 182
1159 182
1160 182
1161 182
1162 182
1163 182
1164 182
1165 182
1166 182
1167 182
1168 182
1169 182
1170 182
1171 182
1172 182
1173 182
1174 182
1175 182
1176 181
1177 181
1178 181
1179 181
1180 181
1181 181
1182 181
1183 181
1184 181
1185 181
1186 181
1187 181
1188 181
1189 181
1190 181
1191 181
1192 181
1193 180
1194 180
1195 180
1196 180
1197 180
1198 180
1199 180
1200 180
1201 180
1202 180
1203 180
1204 180
1205 180
1206 180
1207 180
1208 180
1209 180
1210 180
1211 179
1212 179
1213 179
1214 179
1215 179
1216 179
1217 179
1218 179
1219 179
965 225
966 225
967 224
968 224
969 224
970 223
971 223
972 223
973 222
974 222
975 222
976 221
977 221
978 221
979 220
980 220
981 220
982 219
983 219
984 219
985 218
986 218
987 218
988 217
989 217
990 217
991 216
992 216
993 216
994 215
995 215
996 215
997 214
998 214
999 214
1000 213
1001 213
1002 213
1003 212
1004 212
1005 212
1006 211
1007 211
1008 211
1009 210
1010 210
1011 210
1012 209
1013 209
1014 209
1015 208
1016 208
1017 208
1018 207
1019 207
1020 207
1021 206
1022 206
1023 206
1024 205
1025 205
1026 205
1027 204
1028 204
1029 204
1030 203
1031 203
1032 203
1033 202
1034 202
1035 202
1036 201
1037 201
1038 201
1039 200
1040 200
1041 200
1042 199
1043 199
1044 199
1045 198
1046 198
1047 198
1048 197
1049 197
1050 197
1051 196
1052 196
1053 196
1054 195
1055 195
1056 195
1057 194
1058 194
1059 194
1060 193
1061 193
1062 193
1063 192
1064 192
1065 192
1066 191
1067 191
1068 191
1069 190
1070 190
1071 190
1072 189
1073 189
1074 189
1075 188
1076 188
1077 188
1078 187
1079 187
865 268
866 268
867 267
868 267
869 266
870 266
871 265
872 265
873 265
874 264
875 264
876 263
877 263
878 262
879 262
880 262
881 261
882 261
883 260
884 260
885 259
886 259
887 259
888 258
889 258
890 257
891 257
892 256
893 256
894 256
895 255
896 255
897 254
898 254
899 253
900 253
901 253
902 252
903 252
904 251
905 251
906 250
907 250
908 250
909 249
910 249
911 248
912 248
913 247
914 247
915 246
916 246
917 246
918 245
919 245
920 244
921 244
922 243
923 243
924 243
925 242
926 242
927 241
928 241
929 240
930 240
931 240
932 239
933 239
934 238
935 238
936 237
937 237
938 237
939 236
940 236
941 235
942 235
943 234
944 234
945 234
946 233
947 233
948 232
949 232
950 231
951 231
952 231
953 230
954 230
955 229
956 229
957 228
958 228
959 228
960 227
961 227
962 226
963 226
964 225
965 225
796 308
797 307
798 307
799 306
800 306
801 305
802 305
803 304
804 303
805 303
806 302
807 302
808 301
809 300
810 300
811 299
812 299
813 298
814 298
815 297
816 296
817 296
818 295
819 295
820 294
821 294
822 293
823 292
824 292
825 291
826 291
827 290
828 289
829 289
830 288
831 288
832 287
833 287
834 286
835 285
836 285
837 284
838 284
839 283
840 282
841 282
842 281
843 281
844 280
845 280
846 279
847 278
848 278
849 277
850 277
851 276
852 276
853 275
854 274
855 274
856 273
857 273
858 272
859 271
860 271
861 270
862 270
863 269
864 269
865 268
730 337
731 337
732 336
733 336
734 335
735 335
736 334
737 334
738 333
739 333
740 333
741 332
742 332
743 331
744 331
745 330
746 330
747 330
748 329
749 329
750 328
751 328
752 327
753 327
754 326
755 326
756 326
757 325
758 325
759 324
760 324
761 323
762 323
763 322
764 322
765 322
766 321
767 321
768 320
769 320
770 319
771 319
772 319
773 318
774 318
775 317
776 317
777 316
778 316
779 315
780 315
781 315
782 314
783 314
784 313
785 313
786 312
787 312
788 312
789 311
790 311
791 310
792 310
793 309
794 309
795 308
796 308
666 347
667 347
668 347
669 347
670 346
671 346
672 346
673 346
674 346
675 346
676 345
677 345
678 345
679 345
680 345
681 345
682 344
683 344
684 344
685 344
686 344
687 344
688 344
689 343
690 343
691 343
692 343
693 343
694 343
695 342
696 342
697 342
698 342
699 342
700 342
701 342
702 341
703 341
704 341
705 341
706 341
707 341
708 340
709 340
710 340
711 340
712 340
713 340
714 339
715 339
716 339
717 339
718 339
719 339
720 339
721 338
722 338
723 338
724 338
725 338
726 338
727 337
728 337
729 337
730 337
591 343
592 343
593 343
594 343
595 343
596 343
597 343
598 343
599 343
600 343
601 344
602 344
603 344
604 344
605 344
606 344
607 344
608 344
609 344
610 344
611 344
612 344
613 344
614 344
615 344
616 344
617 344
618 344
619 344
620 345
621 345
622 345
623 345
624 345
625 345
626 345
627 345
628 345
629 345
630 345
631 345
632 345
633 345
634 345
635 345
636 345
637 345
638 346
639 346
640 346
641 346
642 346
643 346
644 346
645 346
646 346
647 346
648 346
649 346
650 346
651 346
652 346
653 346
654 346
655 346
656 346
657 347
658 347
659 347
660 347
661 347
662 347
663 347
664 347
665 347
666 347
521 352
522 352
523 352
524 352
525 351
526 351
527 351
528 351
529 351
530 351
531 351
532 351
533 350
534 350
535 350
536 350
537 350
538 350
539 350
540 350
541 349
542 349
543 349
544 349
545 349
546 349
547 349
548 349
549 348
550 348
551 348
552 348
553 348
554 348
555 348
556 347
557 347
558 347
559 347
560 347
561 347
562 347
563 347
564 346
565 346
566 346
567 346
568 346
569 346
570 346
571 346
572 345
573 345
574 345
575 345
576 345
577 345
578 345
579 345
580 344
581 344
582 344
583 344
584 344
585 344
586 344
587 344
588 343
589 343
590 343
591 343
489 377
490 376
491 375
492 375
493 374
494 373
495 372
496 372
497 371
498 370
499 369
500 368
501 368
502 367
503 366
504 365
505 364
506 364
507 363
508 362
509 361
510 361
511 360
512 359
513 358
514 357
515 357
516 356
517 355
518 354
519 354
520 353
521 352
489 377
489 378
489 379
489 380
489 381
489 382
488 383
488 384
488 385
488 386
488 387
488 388
488 389
488 390
488 391
488 392
487 393
487 394
487 395
487 396
487 397
487 398
487 399
487 400
487 401
487 402
486 403
486 404
486 405
486 406
486 407
486 408
486 409
486 410
486 411
486 412
486 413
485 414
485 415
485 416
485 417
485 418
485 419
485 420
485 421
485 422
485 423
484 424
484 425
484 426
484 427
484 428
484 429
484 430
484 431
484 432
484 433
483 434
483 435
483 436
483 437
483 438
483 439
483 439
483 440
483 441
482 442
482 443
482 444
482 445
482 446
482 447
481 448
481 449
481 450
481 451
481 452
480 453
480 454
480 455
480 456
480 457
479 458
479 459
479 460
479 461
479 462
479 463
478 464
478 465
478 466
478 467
478 468
477 469
477 470
477 471
477 472
477 473
476 474
476 475
476 476
476 477
476 478
476 479
475 480
475 481
475 482
475 483
475 484
474 485
474 486
474 487
474 488
474 489
473 490
473 491
473 492
473 493
473 494
473 495
472 496
472 497
472 498
472 498
472 499
471 500
471 501
470 502
470 503
469 504
469 505
469 506
468 507
468 508
467 509
467 510
466 511
466 512
466 513
465 514
465 515
464 516
464 517
463 518
463 519
463 520
462 521
462 522
461 523
461 524
460 525
460 526
460 527
459 528
459 529
458 530
458 531
457 532
457 533
457 534
456 535
456 536
455 537
455 538
454 539
454 540
454 541
453 542
453 543
452 544
452 545
451 546
451 547
408 575
409 574
410 574
411 573
412 572
413 572
414 571
415 570
416 570
417 569
418 568
419 568
420 567
421 567
422 566
423 565
424 565
425 564
426 563
427 563
428 562
429 561
430 561
431 560
432 559
433 559
434 558
435 557
436 557
437 556
438 555
439 555
440 554
441 554
442 553
443 552
444 552
445 551
446 550
447 550
448 549
449 548
450 548
451 547
355 604
356 603
357 603
358 602
359 602
360 601
361 601
362 600
363 600
364 599
365 599
366 598
367 597
368 597
369 596
370 596
371 595
372 595
373 594
374 594
375 593
376 593
377 592
378 591
379 591
380 590
381 590
382 589
383 589
384 588
385 588
386 587
387 586
388 586
389 585
390 585
391 584
392 584
393 583
394 583
395 582
396 582
397 581
398 580
399 580
400 579
401 579
402 578
403 578
404 577
405 577
406 576
407 576
408 575
324 607
325 607
326 607
327 607
328 607
329 607
330 606
331 606
332 606
333 606
334 606
335 606
336 606
337 606
338 606
339 606
340 605
341 605
342 605
343 605
344 605
345 605
346 605
347 605
348 605
349 605
350 604
351 604
352 604
353 604
354 604
355 604
313 610
314 610
315 609
316 609
317 609
318 609
319 608
320 608
321 608
322 608
323 607
324 607
309 603
310 604
310 605
311 606
311 607
312 608
312 609
313 610


