395 612
396 612
397 612
398 612
399 612
400 612
401 612
402 612
403 612
404 612
405 612
406 612
407 612
408 612
409 612
410 612
411 612
412 612
413 612
414 612
415 612
416 612
417 612
418 612
419 612
420 612
421 612
422 612
423 612
424 612
425 612
426 612
427 612
428 612
429 612
430 612
431 612
432 612
433 612
434 612
435 612
436 612
437 612
438 612
439 612
440 612
441 612
442 612
443 612
444 612
445 612
446 612
447 612
448 612
449 612
450 612
451 612
452 612
453 612
454 612
455 612
456 612
457 612
458 612
459 612
460 612
461 612
462 612
463 612
464 612
465 612
466 612
467 612
468 612
469 612
470 612
471 612
472 612
473 612
474 612
475 612
476 612
477 612
478 612
479 612
480 612
481 612
482 612
483 612
484 612
485 612
486 612
487 612
488 612
489 612
490 612
491 612
492 612
493 612
494 612
495 612
496 612
497 612
498 612
499 612
500 612
501 612
502 612
503 612
504 612
505 613
506 613
507 613
508 613
509 613
510 613
511 613
512 613
513 613
514 613
515 613
516 613
517 613
518 613
519 613
520 613
521 613
522 613
523 613
524 613
525 613
526 613
527 613
528 613
529 613
530 613
531 613
532 613
533 613
534 613
535 613
536 613
537 613
538 613
539 613
540 613
541 613
542 613
543 613
544 613
545 613
546 613
547 613
548 613
549 613
550 613
551 613
552 613
553 613
554 613
555 613
556 613
557 613
558 613
559 613
560 613
561 613
562 613
563 613
564 613
565 613
566 613
567 613
568 613
569 613
570 613
571 613
572 613
573 613
574 613
575 613
576 613
577 613
578 613
579 613
580 613
581 613
582 613
583 613
584 613
585 613
586 613
587 613
588 613
589 613
590 613
591 613
592 613
593 613
594 613
595 613
596 613
597 613
598 613
599 613
600 613
601 613
602 613
603 613
604 613
605 613
606 613
607 613
608 613
609 613
610 613
611 613
612 613
613 613
614 613
615 613
616 613
617 613
618 613
619 613
620 613
621 613
622 613
623 613
624 613
625 613
626 613
627 613
628 613
629 613
630 613
631 613
632 613
633 613
634 613
635 613
636 613
637 613
638 613
639 613
640 613
641 613
642 613
643 613
644 613
645 613
646 613
647 613
648 613
649 613
650 613
651 613
652 613
653 613
654 613
655 613
656 613
657 613
658 613
659 613
660 613
661 613
662 613
663 613
664 613
665 613
666 613
667 613
668 613
669 613
670 613
671 613
672 613
673 613
674 613
675 613
676 613
677 613
678 613
679 613
680 613
681 613
682 613
683 613
684 613
685 613
686 613
687 613
688 613
689 613
690 613
691 613
692 613
693 613
694 613
695 613
696 613
697 613
698 613
699 613
700 613
701 613
702 613
703 613
704 613
705 613
706 613
707 613
708 613
709 613
710 613
711 613
712 613
713 613
714 613
715 613
716 613
717 613
718 613
719 613
720 613
721 613
722 613
723 613
724 613
725 614
726 614
727 614
728 614
729 614
730 614
731 614
732 614
733 614
734 614
735 614
736 614
737 614
738 614
739 614
740 614
741 614
742 614
743 614
744 614
745 614
746 614
747 614
748 614
749 614
750 614
751 614
752 614
753 614
754 614
755 614
756 614
757 614
758 614
759 614
760 614
761 614
762 614
763 614
764 614
765 614
766 614
767 614
768 614
769 614
770 614
771 614
772 614
773 614
774 614
775 614
776 614
777 614
778 614
779 614
780 614
781 614
782 614
783 614
784 614
785 614
786 614
787 614
788 614
789 614
790 614
791 614
792 614
793 614
794 614
795 614
796 614
797 614
798 614
799 614
800 614
801 614
802 614
803 614
804 614
805 614
806 614
807 614
808 614
809 614
810 614
811 614
812 614
813 614
814 614
815 614
816 614
817 614
818 614
819 614
820 614
821 614
822 614
823 614
824 614
825 614
826 614
827 614
828 614
829 614
830 614
831 614
832 614
833 614
834 614
835 614
836 572
836 573
836 574
836 575
836 576
836 577
836 578
836 579
836 580
836 581
836 582
836 583
836 584
836 585
836 586
836 587
836 588
836 589
836 590
836 591
836 592
835 593
835 594
835 595
835 596
835 597
835 598
835 599
835 600
835 601
835 602
835 603
835 604
835 605
835 606
835 607
835 608
835 609
835 610
835 611
835 612
835 613
835 614
626 569
627 569
628 569
629 569
630 569
631 569
632 569
633 569
634 569
635 569
636 569
637 569
638 569
639 569
640 569
641 569
642 569
643 569
644 569
645 569
646 569
647 569
648 569
649 569
650 569
651 569
652 569
653 569
654 569
655 569
656 569
657 569
658 569
659 569
660 569
661 570
662 570
663 570
664 570
665 570
666 570
667 570
668 570
669 570
670 570
671 570
672 570
673 570
674 570
675 570
676 570
677 570
678 570
679 570
680 570
681 570
682 570
683 570
684 570
685 570
686 570
687 570
688 570
689 570
690 570
691 570
692 570
693 570
694 570
695 570
696 570
697 570
698 570
699 570
700 570
701 570
702 570
703 570
704 570
705 570
706 570
707 570
708 570
709 570
710 570
711 570
712 570
713 570
714 570
715 570
716 570
717 570
718 570
719 570
720 570
721 570
722 570
723 570
724 570
725 570
726 570
727 570
728 570
729 570
730 570
731 571
732 571
733 571
734 571
735 571
736 571
737 571
738 571
739 571
740 571
741 571
742 571
743 571
744 571
745 571
746 571
747 571
748 571
749 571
750 571
751 571
752 571
753 571
754 571
755 571
756 571
757 571
758 571
759 571
760 571
761 571
762 571
763 571
764 571
765 571
766 571
767 571
768 571
769 571
770 571
771 571
772 571
773 571
774 571
775 571
776 571
777 571
778 571
779 571
780 571
781 571
782 571
783 571
784 571
785 571
786 571
787 571
788 571
789 571
790 571
791 571
792 571
793 571
794 571
795 571
796 571
797 571
798 571
799 571
800 571
801 572
802 572
803 572
804 572
805 572
806 572
807 572
808 572
809 572
810 572
811 572
812 572
813 572
814 572
815 572
816 572
817 572
818 572
819 572
820 572
821 572
822 572
823 572
824 572
825 572
826 572
827 572
828 572
829 572
830 572
831 572
832 572
833 572
834 572
835 572
836 572
630 507
630 508
630 509
630 510
630 511
630 512
630 513
630 514
629 515
629 516
629 517
629 518
629 519
629 520
629 521
629 522
629 523
629 524
629 525
629 526
629 527
629 528
629 529
629 530
628 531
628 532
628 533
628 534
628 535
628 536
628 537
628 538
628 539
628 540
628 541
628 542
628 543
628 544
628 545
627 546
627 547
627 548
627 549
627 550
627 551
627 552
627 553
627 554
627 555
627 556
627 557
627 558
627 559
627 560
627 561
626 562
626 563
626 564
626 565
626 566
626 567
626 568
626 569
630 507
631 508
632 509
633 510
634 511
635 511
636 512
637 513
638 514
638 514
639 515
640 516
641 517
642 517
643 518
644 519
645 520
646 521
647 522
648 523
649 523
650 524
651 525
652 526
652 526
653 526
654 527
655 527
656 528
657 528
658 529
659 529
660 530
661 530
662 531
663 531
664 532
665 532
665 532
666 532
667 532
668 532
669 532
670 533
671 533
672 533
673 533
674 533
674 533
675 533
676 533
677 533
678 533
679 533
680 533
681 533
682 533
683 533
684 533
685 533
686 533
687 533
688 533
689 533
690 533
691 533
692 533
693 533
694 533
695 533
696 533
697 533
698 533
699 533
699 533
700 533
701 533
701 533
702 533
703 533
704 533
705 533
706 533
707 533
708 533
709 533
710 533
711 532
712 532
713 532
714 532
715 532
716 532
717 532
718 532
719 532
720 532
721 532
721 532
722 532
723 531
724 531
725 531
726 530
727 530
728 530
729 530
730 529
731 529
731 529
732 529
733 528
734 528
735 528
736 528
737 527
738 527
738 527
739 527
740 526
741 526
742 525
743 525
744 524
745 524
746 524
747 523
748 523
749 522
750 522
751 521
752 521
753 520
754 520
755 520
756 519
757 519
758 518
759 518
760 517
761 517
761 517
762 516
763 516
764 515
765 515
766 514
767 513
768 513
769 512
770 512
771 511
772 511
773 510
773 510
774 510
775 509
776 509
777 509
777 509
778 508
779 508
780 507
781 506
782 506
783 505
784 504
785 504
786 503
787 503
788 502
789 501
790 501
791 500
792 499
793 499
794 498
795 497
794 498
804 482
803 483
803 484
802 485
802 486
801 487
800 488
800 489
799 490
799 491
798 492
797 493
797 494
796 495
796 496
795 497
806 470
806 471
806 472
805 473
805 474
805 475
805 476
805 477
805 478
804 479
804 480
804 481
804 482
806 465
806 466
806 467
806 468
806 469
806 470
807 459
807 460
807 461
806 462
806 463
806 464
806 465
807 452
807 453
807 454
807 455
807 456
807 457
807 458
807 459
806 434
806 435
806 436
806 437
806 438
806 439
806 440
806 441
806 442
807 443
807 444
807 445
807 446
807 447
807 448
807 449
807 450
807 451
807 452
805 431
805 432
806 433
806 434
800 418
800 419
801 420
801 421
802 422
802 423
802 424
803 425
803 426
803 427
804 428
804 429
805 430
805 431
798 414
799 415
799 416
800 417
800 418
791 409
792 410
793 410
794 411
795 412
796 413
797 413
798 414
784 403
785 404
786 405
787 406
788 406
789 407
790 408
791 409
777 398
778 399
779 399
780 400
781 401
782 402
783 402
784 403
763 392
764 392
765 393
766 393
767 394
768 394
769 395
770 395
771 395
772 396
773 396
774 397
775 397
776 398
777 398
752 388
753 388
754 389
755 389
756 389
757 390
758 390
759 391
760 391
761 391
762 392
763 392
737 387
738 387
739 387
740 387
741 387
742 387
743 387
744 387
745 388
746 388
747 388
748 388
749 388
750 388
751 388
752 388
728 386
729 386
730 386
731 386
732 386
733 387
734 387
735 387
736 387
737 387
722 386
723 386
724 386
725 386
726 386
727 386
728 386
709 394
710 393
711 393
712 392
713 392
714 391
715 390
716 390
717 389
718 388
719 388
720 387
721 387
722 386
709 394
708 395
708 396
707 397
706 398
706 399
705 400
705 401
704 402
704 402
704 403
704 404
703 405
703 406
703 407
703 408
703 409
703 410
702 411
702 412
702 413
702 414
702 414
702 415
702 416
702 417
703 418
703 419
703 420
703 421
703 422
703 423
703 424
703 425
704 426
704 427
704 428
704 429
704 429
705 430
705 431
706 432
706 433
707 434
707 435
708 436
708 437
709 438
709 438
710 439
711 439
712 440
713 440
714 441
715 441
715 441
716 441
717 441
718 442
719 442
720 442
721 442
722 443
723 443
724 443
724 443
725 443
726 443
727 443
728 444
729 444
730 444
731 444
731 444
732 444
733 444
734 445
735 445
736 445
737 445
738 445
739 446
740 446
741 446
741 446
742 446
743 446
744 446
745 446
746 446
747 446
748 446
749 446
750 446
751 446
751 446
752 446
753 445
754 445
755 444
756 444
757 444
758 443
759 443
760 443
761 442
762 442
763 441
764 441
764 441
765 440
766 440
767 439
768 439
769 438
769 438
769 439
770 440
770 441
770 441
770 442
770 443
770 444
770 445
771 446
771 447
771 448
771 449
771 450
771 450
771 451
771 452
771 453
771 454
770 455
770 456
770 457
770 458
770 459
770 459
770 460
770 461
769 462
769 463
769 464
769 464
769 465
768 466
768 467
768 468
768 469
767 470
767 471
767 472
767 473
766 474
766 475
766 476
766 476
765 477
765 478
764 479
763 480
763 481
762 482
762 483
761 484
760 485
760 486
759 487
754 491
755 490
756 489
757 489
758 488
759 487
745 494
746 494
747 493
748 493
749 493
750 492
751 492
752 492
753 491
754 491
741 496
742 495
743 495
744 494
745 494
733 498
734 498
735 497
736 497
737 497
738 497
739 496
740 496
741 496
733 498
718 498
719 498
720 498
721 498
722 498
723 498
724 498
725 498
726 498
727 498
728 498
729 498
730 498
731 498
732 498
733 498
702 498
703 498
704 498
705 498
706 498
707 498
708 498
709 498
710 498
711 498
712 498
713 498
714 498
715 498
716 498
717 498
718 498
686 497
687 497
688 497
689 497
690 497
691 497
692 497
693 497
694 498
695 498
696 498
697 498
698 498
699 498
700 498
701 498
702 498
681 496
682 496
683 496
684 497
685 497
686 497
668 490
669 490
670 491
671 491
672 492
673 492
674 493
675 493
676 494
677 494
678 495
679 495
680 496
681 496
661 485
662 486
663 486
664 487
665 488
666 489
667 489
668 490
658 482
659 483
660 484
661 485
653 480
654 480
655 481
656 481
657 482
658 482
648 475
649 476
650 477
651 478
652 479
653 480
642 464
643 465
643 466
644 467
644 468
645 469
645 470
646 471
646 472
647 473
647 474
648 475
642 460
642 461
642 462
642 463
642 464
637 454
638 455
639 456
640 457
640 458
641 459
642 460
637 454
634 446
634 447
635 448
635 449
636 450
636 451
636 452
637 453
637 454
631 426
631 427
631 428
631 429
632 430
632 431
632 432
632 433
632 434
632 435
633 436
633 437
633 438
633 439
633 440
633 441
633 442
634 443
634 444
634 445
634 446
630 420
630 421
630 422
631 423
631 424
631 425
631 426
631 404
631 405
631 406
631 407
631 408
631 409
631 410
631 411
630 412
630 413
630 414
630 415
630 416
630 417
630 418
630 419
630 420
631 401
631 402
631 403
631 404
630 393
630 394
630 395
630 396
631 397
631 398
631 399
631 400
631 401
632 380
632 381
632 382
632 383
631 384
631 385
631 386
631 387
631 388
631 389
630 390
630 391
630 392
630 393
632 367
632 368
632 369
632 370
632 371
632 372
632 373
632 374
632 375
632 376
632 377
632 378
632 379
632 380
633 357
633 358
633 359
633 360
633 361
632 362
632 363
632 364
632 365
632 366
632 367
634 342
634 343
634 344
634 345
634 346
634 347
634 348
634 349
633 350
633 351
633 352
633 353
633 354
633 355
633 356
633 357
634 328
634 329
634 330
634 331
634 332
634 333
634 334
634 335
634 336
634 337
634 338
634 339
634 340
634 341
634 342
634 325
634 326
634 327
634 328
634 313
634 314
634 315
634 316
634 317
634 318
634 319
634 320
634 321
634 322
634 323
634 324
634 325
635 302
635 303
635 304
635 305
635 306
635 307
634 308
634 309
634 310
634 311
634 312
634 313
635 284
635 285
635 286
635 287
635 288
635 289
635 290
635 291
635 292
635 293
635 294
635 295
635 296
635 297
635 298
635 299
635 300
635 301
635 302
409 419
410 418
411 418
412 417
413 417
414 416
415 415
416 415
417 414
418 414
419 413
420 412
421 412
422 411
423 411
424 410
425 409
426 409
427 408
428 408
429 407
430 406
431 406
432 405
433 405
434 404
435 403
436 403
437 402
438 402
439 401
440 400
441 400
442 399
443 399
444 398
445 397
446 397
447 396
448 396
449 395
450 395
451 394
452 393
453 393
454 392
455 392
456 391
457 390
458 390
459 389
460 389
461 388
462 387
463 387
464 386
465 386
466 385
467 384
468 384
469 383
470 383
471 382
472 381
473 381
474 380
475 380
476 379
477 378
478 378
479 377
480 377
481 376
482 375
483 375
484 374
485 374
486 373
487 372
488 372
489 371
490 371
491 370
492 369
493 369
494 368
495 368
496 367
497 366
498 366
499 365
500 365
501 364
502 363
503 363
504 362
505 362
506 361
507 360
508 360
509 359
510 359
511 358
512 357
513 357
514 356
515 356
516 355
517 354
518 354
519 353
520 353
521 352
522 351
523 351
524 350
525 350
526 349
527 349
528 348
529 347
530 347
531 346
532 346
533 345
534 344
535 344
536 343
537 343
538 342
539 341
540 341
541 340
542 340
543 339
544 338
545 338
546 337
547 337
548 336
549 335
550 335
551 334
552 334
553 333
554 332
555 332
556 331
557 331
558 330
559 329
560 329
561 328
562 328
563 327
564 326
565 326
566 325
567 325
568 324
569 323
570 323
571 322
572 322
573 321
574 320
575 320
576 319
577 319
578 318
579 317
580 317
581 316
582 316
583 315
584 314
585 314
586 313
587 313
588 312
589 311
590 311
591 310
592 310
593 309
594 308
595 308
596 307
597 307
598 306
599 306
600 305
601 304
602 304
603 303
604 303
605 302
606 301
607 301
608 300
609 300
610 299
611 298
612 298
613 297
614 297
615 296
616 295
617 295
618 294
619 294
620 293
621 292
622 292
623 291
624 291
625 290
626 289
627 289
628 288
629 288
630 287
631 286
632 286
633 285
634 285
635 284
409 419
410 420
411 421
412 422
413 422
414 423
415 424
416 425
417 426
418 427
419 428
420 429
421 429
422 430
423 431
424 432
425 433
426 434
427 435
428 435
429 436
430 437
431 438
432 439
433 440
434 441
435 442
436 442
437 443
438 444
439 445
440 446
441 447
442 448
443 448
444 449
445 450
446 451
447 452
448 453
449 454
450 455
451 455
452 456
453 457
454 458
455 459
456 460
457 461
458 461
459 462
460 463
461 464
462 465
463 466
464 467
465 468
466 468
467 469
468 470
469 471
470 472
471 473
472 474
473 474
474 475
475 476
476 477
477 478
478 479
479 480
480 481
481 481
482 482
483 483
484 484
485 485
486 486
487 487
488 487
489 488
490 489
491 490
492 491
493 492
494 493
495 494
496 494
497 495
498 496
499 497
500 498
501 499
502 500
503 501
504 501
505 502
506 503
507 504
508 505
509 506
510 507
511 507
512 508
513 509
514 510
515 511
516 512
517 513
518 514
519 514
520 515
521 516
522 517
523 518
524 519
525 520
526 520
527 521
528 522
529 523
530 524
531 525
532 526
533 527
534 527
535 528
536 529
537 530
538 531
539 532
540 533
541 533
542 534
543 535
544 536
545 537
546 538
547 539
548 540
549 540
550 541
551 542
552 543
553 544
554 545
555 546
556 546
557 547
558 548
559 549
560 550
561 551
562 552
563 553
564 553
565 554
566 555
567 556
568 557
569 558
570 559
571 559
572 560
573 561
574 562
575 563
576 564
577 565
578 566
579 566
580 567
581 568
582 569
397 571
398 571
399 571
400 571
401 571
402 571
403 571
404 571
405 571
406 571
407 571
408 571
409 571
410 571
411 571
412 571
413 571
414 571
415 571
416 571
417 571
418 571
419 571
420 571
421 571
422 571
423 571
424 571
425 571
426 571
427 571
428 571
429 571
430 571
431 571
432 571
433 571
434 571
435 571
436 571
437 571
438 571
439 571
440 571
441 571
442 571
443 571
444 570
445 570
446 570
447 570
448 570
449 570
450 570
451 570
452 570
453 570
454 570
455 570
456 570
457 570
458 570
459 570
460 570
461 570
462 570
463 570
464 570
465 570
466 570
467 570
468 570
469 570
470 570
471 570
472 570
473 570
474 570
475 570
476 570
477 570
478 570
479 570
480 570
481 570
482 570
483 570
484 570
485 570
486 570
487 570
488 570
489 570
490 570
491 570
492 570
493 570
494 570
495 570
496 570
497 570
498 570
499 570
500 570
501 570
502 570
503 570
504 570
505 570
506 570
507 570
508 570
509 570
510 570
511 570
512 570
513 570
514 570
515 570
516 570
517 570
518 570
519 570
520 570
521 570
522 570
523 570
524 570
525 570
526 570
527 570
528 570
529 570
530 570
531 570
532 570
533 570
534 570
535 570
536 569
537 569
538 569
539 569
540 569
541 569
542 569
543 569
544 569
545 569
546 569
547 569
548 569
549 569
550 569
551 569
552 569
553 569
554 569
555 569
556 569
557 569
558 569
559 569
560 569
561 569
562 569
563 569
564 569
565 569
566 569
567 569
568 569
569 569
570 569
571 569
572 569
573 569
574 569
575 569
576 569
577 569
578 569
579 569
580 569
581 569
582 569
397 571
397 572
397 573
397 574
397 575
397 576
397 577
397 578
397 579
397 580
397 581
397 582
397 583
397 584
397 585
397 586
397 587
397 588
397 589
397 590
396 591
396 592
396 593
396 594
396 595
396 596
396 597
396 598
396 599
396 600
396 601
396 602
396 603
396 604
396 605
396 606
396 607
396 608
396 609
396 610
396 611
462 421
463 422
464 423
465 424
466 425
467 425
468 426
469 427
470 428
471 429
472 430
473 431
474 432
475 433
476 434
477 434
478 435
479 436
480 437
481 438
482 439
483 440
484 441
485 442
486 442
487 443
488 444
489 445
490 446
491 447
492 448
493 449
494 450
495 450
496 451
497 452
498 453
499 454
500 455
501 456
502 457
503 458
504 459
505 459
506 460
507 461
508 462
509 463
510 464
511 465
512 466
513 467
514 467
515 468
516 469
517 470
518 471
519 472
520 473
521 474
522 475
523 476
524 476
525 477
526 478
527 479
528 480
529 481
530 482
531 483
532 484
533 484
534 485
535 486
536 487
537 488
538 489
539 490
540 491
541 492
542 492
543 493
544 494
545 495
546 496
547 497
548 498
549 499
550 500
551 501
552 501
553 502
554 503
555 504
556 505
557 506
558 507
559 508
560 509
561 509
562 510
563 511
564 512
565 513
566 514
567 515
568 516
569 517
570 517
571 518
572 519
573 520
574 521
575 522
576 523
577 524
578 525
579 526
580 526
581 527
582 528
583 529
584 530
462 421
463 420
464 420
465 419
466 419
467 418
468 418
469 417
470 417
471 416
472 416
473 415
474 414
475 414
476 413
477 413
478 412
479 412
480 411
481 411
482 410
483 410
484 409
485 408
486 408
487 407
488 407
489 406
490 406
491 405
492 405
493 404
494 404
495 403
496 402
497 402
498 401
499 401
500 400
501 400
502 399
503 399
504 398
505 398
506 397
507 396
508 396
509 395
510 395
511 394
512 394
513 393
514 393
515 392
516 392
517 391
518 390
519 390
520 389
521 389
522 388
523 388
524 387
525 387
526 386
527 385
528 385
529 384
530 384
531 383
532 383
533 382
534 382
535 381
536 381
537 380
538 379
539 379
540 378
541 378
542 377
543 377
544 376
545 376
546 375
547 375
548 374
549 373
550 373
551 372
552 372
553 371
554 371
555 370
556 370
557 369
558 369
559 368
560 367
561 367
562 366
563 366
564 365
565 365
566 364
567 364
568 363
569 363
570 362
571 361
572 361
573 360
574 360
575 359
576 359
577 358
578 358
579 357
580 357
581 356
582 355
583 355
584 354
585 354
586 353
587 353
588 352
589 352
590 351
591 351
592 350
592 350
592 351
592 352
592 353
592 354
592 355
592 356
592 357
592 358
592 359
592 360
592 361
592 362
591 363
591 364
591 365
591 366
591 367
591 368
591 369
591 370
591 371
591 372
591 373
591 374
591 375
591 376
591 377
591 378
591 379
591 380
591 381
591 382
591 383
591 384
591 385
591 386
591 387
591 388
590 389
590 390
590 391
590 392
590 393
590 394
590 395
590 396
590 397
590 398
590 399
590 400
590 401
590 402
590 403
590 404
590 405
590 406
590 407
590 408
590 409
590 410
590 411
590 412
590 413
589 414
589 415
589 416
589 417
589 418
589 419
589 420
589 421
589 422
589 423
589 424
589 425
589 426
589 427
589 428
589 429
589 430
589 431
589 432
589 433
589 434
589 435
589 436
589 437
589 438
589 439
588 440
588 441
588 442
588 443
588 444
588 445
588 446
588 447
588 448
588 449
588 450
588 451
588 452
588 453
588 454
588 455
588 456
588 457
588 458
588 459
588 460
588 461
588 462
588 463
588 464
588 465
587 466
587 467
587 468
587 469
587 470
587 471
587 472
587 473
587 474
587 475
587 476
587 477
587 478
587 479
587 480
587 481
587 482
587 483
587 484
587 485
587 486
587 487
587 488
587 489
587 490
586 491
586 492
586 493
586 494
586 495
586 496
586 497
586 498
586 499
586 500
586 501
586 502
586 503
586 504
586 505
586 506
586 507
586 508
586 509
586 510
586 511
586 512
586 513
586 514
586 515
586 516
585 517
585 518
585 519
585 520
585 521
585 522
585 523
585 524
585 525
585 526
585 527
585 528
585 529
585 529
586 529
586 529
586 529
586 530
586 531
585 530
586 531
587 531


